[HEADER]
VERSION=1

[BASIC]
WHEELBASE=2.960
CG_LOCATION=0.467

[ARB]
FRONT=21152
REAR=9793


[FRONT]
TYPE=DWB
BASEY=0.104
TRACK=1.662
ROD_LENGTH=0.082
HUB_MASS=60
WBCAR_TOP_FRONT=0.490, 0.380, 0.115
WBCAR_TOP_REAR=0.490, 0.380, -0.115
WBCAR_BOTTOM_FRONT=0.429, -0.1225, 0.332
WBCAR_BOTTOM_REAR=0.478, -0.1225, -0.037
WBTYRE_TOP=0.090, 0.380, -0.033
WBTYRE_BOTTOM=0.080, -0.1225, 0.0
WBCAR_STEER=0.478, -0.053, 0.100
WBTYRE_STEER=0.032, -0.050, 0.140
TOE_OUT=-0.00010
STATIC_CAMBER=-0.7
SPRING_RATE=53165
PROGRESSIVE_SPRING_RATE=0
BUMP_STOP_RATE=25000
BUMPSTOP_UP=0.064
BUMPSTOP_DN=0.060
PACKER_RANGE=0.144
DAMP_BUMP=6500
DAMP_FAST_BUMP=3250
DAMP_FAST_BUMPTHRESHOLD=0.028
DAMP_REBOUND=6500
DAMP_FAST_REBOUND=5750
DAMP_FAST_REBOUNDTHRESHOLD=0.040

[REAR]
TYPE=DWB
BASEY=0.098
TRACK=1.698
ROD_LENGTH=0.092						
HUB_MASS=70
WBCAR_TOP_FRONT=0.462, 0.044, 0.130
WBCAR_TOP_REAR=0.462, 0.044, -0.085
WBCAR_BOTTOM_FRONT=0.400, -0.2015, 0.190
WBCAR_BOTTOM_REAR=0.385, -0.2015, -0.100
WBTYRE_TOP=0.075, 0.045, -0.0000
WBTYRE_BOTTOM=0.075, -0.2165, -0.000
WBCAR_STEER=0.440, -0.154, 0.120
WBTYRE_STEER=0.075, -0.169, 0.120
TOE_OUT=-0.00042
STATIC_CAMBER=-1.6
SPRING_RATE=55090
PROGRESSIVE_SPRING_RATE=100
BUMP_STOP_RATE=23000
BUMPSTOP_UP=0.058
BUMPSTOP_DN=0.045
PACKER_RANGE=0.150
DAMP_BUMP=8000
DAMP_FAST_BUMP=5250
DAMP_FAST_BUMPTHRESHOLD=0.028
DAMP_REBOUND=11500
DAMP_FAST_REBOUND=9500
DAMP_FAST_REBOUNDTHRESHOLD=0.040

[GRAPHICS_OFFSETS]
WHEEL_LF=-0.0
SUSP_LF=-0.0
WHEEL_RF=0.0
SUSP_RF=0.0
WHEEL_LR=-0.0
SUSP_LR=-0.0
WHEEL_RR=0.0
SUSP_RR=0.0
